0.166722402682	0.00017992968904	0.00017890590243	4	0
0.3333367002	0.000167904796653	0.000169100472704	4	168
0.500024073212	0.000177651385214	0.000162627315149	4	1
0.666675008049	0.000169590761529	0.000159382587299	3	208
0.833359299769	0.00031611936855	0.000321323008393	3	1
1.00000157838	0.000333677866002	0.000284112800728	3	1
1.16667429653	0.000282466243878	0.000255834784184	3	1
1.33334770411	0.00021035697336	0.000184864664334	3	1
1.50009990256	0.000185594137609	0.000185831751878	3	1
1.66685845173	0.000168947687901	0.000164569479239	3	1
1.83333585623	0.000159130047748	0.000153799454893	2	204
2.00015231561	0.000752572772728	0.000473898136988	2	1
2.16668858062	0.000420556692635	0.000425565522164	2	1
2.33333968793	0.000315962403712	0.00030045164749	2	1
2.50009921322	0.000236071595622	0.000204396434128	2	1
2.6667080044	0.000213764543231	0.000184978824109	2	1
2.83343625488	0.000184287299778	0.000186105957255	2	1
3.00029727584	0.000157895357303	0.000165749108419	2	1
3.16671144072	0.000142854025124	0.000136637012474	2	1
3.33335616479	0.000140512600241	0.000125122838654	1	214
3.50001250675	0.000593705338311	0.000381169840693	1	1
3.66684780447	0.000306700796241	0.000317936763167	1	1
3.83338709116	0.00025256678887	0.000246739014983	1	1
4.00007261748	0.00021666239992	0.000196756795049	1	1
4.16684201327	0.000203735727084	0.000176545232534	1	1
4.33343194001	0.000185990382724	0.000172290951014	1	1
4.50016854056	0.000165037830279	0.000170551240444	1	1
4.66686587684	0.000142001651749	0.000166639685631	1	1
4.8333696156	0.000155770105201	0.000161757692695	1	1
5.00008871726	0.000177185323987	0.000158304348588	1	1
5.16715340183	0.000153843615363	0.000157691538334	1	1
5.33360153455	0.00014396680309	0.000160112977028	1	1
5.50022527181	0.000151774574461	0.000164577737451	1	1
5.66713544493	0.000166794672477	0.000169055536389	1	1
5.83336226806	0.000166653281637	0.000171598047018	1	1
6.00001634874	0.000192191436529	0.000173253938556	1	1
6.16679732998	0.000183396720473	0.000181283801794	1	1
6.33350101091	0.000203526282687	0.000207837671041	1	1
6.50022414944	0.000217847251348	0.000259568914771	1	1
6.66671229718	0.000248854201984	0.000323543325067	1	1
6.83357899753	0.000269438178053	0.000378290191293	1	1
7.00008062991	0.00039828304925	0.000485731288791	1	1
7.16672531991	0.000600774252848	0.00103507004678	2	204
7.33334532047	0.00015192518324	0.000149931758642	2	1
7.50014358162	0.000146509356309	0.000174093409441	2	1
7.66679088442	0.000181238189789	0.00018668663688	2	1
7.83340536386	0.000172246866099	0.000185448909178	2	1
8.00009468108	0.000213743683649	0.000189909478649	2	1
8.16668805142	0.000238395270206	0.000227911630645	2	1
8.33345250041	0.000230279927823	0.000307113863528	2	1
8.50002575263	0.000263512105891	0.000397298950702	2	1
8.66667563579	0.000287933483977	0.00045225257054	2	1
8.83338103382	0.000535954743453	0.00047495122999	2	1
9.00009061322	0.000572946941005	0.000603254185989	2	1
9.16668426143	0.000618284466019	0.00117110460997	3	215
9.33339647527	0.000153742992938	0.000157343565661	3	1
9.50001574498	0.00016079028029	0.000171977131686	3	1
9.66668029161	0.000174473450297	0.000183964966709	3	1
9.83335420792	0.000180970015991	0.000185127897566	3	1
10.0001224053	0.000211293828984	0.000181088791578	3	1
10.1667426979	0.000250770743812	0.00018274730246	3	1
10.3333580964	0.00018735993433	0.000195468695892	3	1
10.5001236323	0.000211499637668	0.000216728003579	3	1
10.6666758963	0.000271062128977	0.000240162524278	3	1
10.8334024346	0.000237058780758	0.000260333188635	3	1
11.0000056334	0.000257880734685	0.000274583973805	3	1
11.1666697272	0.000266200060687	0.000282884808257	3	1
11.3333779834	0.000226860898733	0.00028654828202	3	1
11.500040491	0.00025874476059	0.000287214832497	3	1
11.6667204884	0.000237167374323	0.000286269525532	3	1
11.8333380168	0.000251800779339	0.000284663910861	3	1
12.0000130372	0.000231824362981	0.000282972439891	3	1
12.16666854	0.000280379334157	0.000281495449599	3	1
12.3333495575	0.000244647141723	0.000280387161183	3	1
12.500010674	0.00029400555043	0.000279753003269	3	1
12.6666816999	0.000330521032766	0.000279692612821	3	1
12.8333637856	0.000290644970918	0.000280349748209	3	1
13.0000629587	0.000265790264703	0.000281945438473	3	1
13.1667195823	0.000305233751385	0.00028477908927	3	1
13.3333378142	0.00033373656779	0.000289234449156	3	1
13.5000063254	0.000388635730463	0.000295768011711	3	1
13.6666877874	0.000300231307777	0.000304851972032	3	1
13.8333415415	0.000390570565368	0.000316882607876	3	1
14.0001549837	0.000333015815599	0.000332106996211	3	1
14.166692278	0.000344199806142	0.000350379646989	3	1
14.3333570077	0.00034458446011	0.000371198359062	3	1
14.5000634457	0.000417271172628	0.000393470792915	3	1
14.6666667504	0.000366121082237	0.000415567541495	3	1
14.8333775276	0.000299671964243	0.000435539855971	3	1
15.0000243797	0.000395326934779	0.000451286308817	3	1
15.1667713817	0.00042234690356	0.000461030067527	3	1
15.3333379266	0.000404208638527	0.000463657866931	3	1
15.5000057375	0.000383479060708	0.000459051880171	3	1
15.6666813147	0.000541884045353	0.000448154547485	3	1
15.8333537938	0.000375498442848	0.000432862740126	3	1
16.0000109872	0.000413160399191	0.000415704329498	3	1
16.1667668634	0.000448426064563	0.000399350450607	3	1
16.3333882054	0.000464317300067	0.000386247440474	3	1
16.5000035708	0.000421156399523	0.000378228432965	3	1
16.6666775513	0.000782648478756	0.000376459822292	3	1
16.8333624576	0.000438629435785	0.000381528196158	3	1
17.000026915	0.000567479852378	0.000393683818402	3	1
17.1666667178	0.000447282629866	0.000413228757679	3	1
17.3333342071	0.00061995088253	0.000440968287876	3	1
17.5001000859	0.000580884689405	0.000478685309645	3	1
17.6666772368	0.000440298396064	0.000529695127625	3	1
17.8333424097	0.000599305314964	0.000599892664468	3	1
18.0000169282	0.000861046132393	0.000698821939295	3	1
18.1666865114	0.000521269129329	0.000841879751533	3	1
18.333354569	0.000709279499542	0.00105360746966	4	207
18.5000161911	0.000176406766774	0.000166521407664	4	1
18.6666918653	0.000174537070994	0.000167408958077	4	1
18.8333388063	0.00016911997393	0.000168471829966	4	1
19.0000052404	0.000176588511309	0.000169773586094	4	1
19.1666711367	0.000166903412617	0.000171543331817	4	1
19.3333785061	0.000157688184802	0.000173453241587	4	1
19.500068268	0.000181644435849	0.000175947323442	4	1
19.6667269624	0.000178769378766	0.000178808812052	4	1
19.8333431871	0.000213371072271	0.000182174379006	4	1
20.0000000231	0.000160740255513	0.000185907818377	4	1
20.1667380506	0.000173167280734	0.000190044986084	4	1
20.3333377921	0.000203929437642	0.00019429740496	4	1
20.5000681317	0.000196330449646	0.000198573339731	4	1
20.6667008222	0.000202771483251	0.000202735885978	4	1
20.8333509048	0.000185004808333	0.000206634867936	4	1
21.0000196105	0.000189717267996	0.00021007610485	4	1
21.1666844409	0.000193993669677	0.000212954357266	4	1
21.333342598	0.000211887568153	0.000215552281588	4	1
21.5000133576	0.00021701143455	0.000217594206333	4	1
21.6666842851	0.000217957082611	0.000219443812966	4	1
21.8333929821	0.000266178476743	0.000221204012632	4	1
22.0000541077	0.000201694563629	0.000222682021558	4	1
22.1666692204	0.000221970211257	0.000223726965487	4	1
22.3333834764	0.000226427158219	0.000224592164159	4	1
22.5000086926	0.000262524883318	0.000224775169045	4	1
22.6666763043	0.000218694399554	0.000224316027015	4	1
22.8333430559	0.0002316774593	0.000223199371248	4	1
23.0000040949	0.000233173324552	0.000221635214984	4	1
23.1666802219	0.000242514643963	0.000219425652176	4	1
23.3333946583	0.000216015384995	0.000216660089791	4	1
23.5000218666	0.000192600728488	0.000213134102523	4	1
23.6666812312	0.000191352148245	0.000207701697946	4	1
23.833336102	0.000176811109292	0.000200048554689	4	1
